 90 0.07
0 0 0 0 0 0 0 
0.108105 0.1346 0.0740984 0.111231 0.0772436 0.0717778 0.0732273 
0.337368 0.3171 0.106033 0.224643 0.111205 0.0792308 0.0794474 
0.581 0.484429 0.127211 0.379444 0.12175 0.116444 0.112207 
0.837 0.6702 0.156071 0.402857 0.156368 0.1196 0.119 
0.928333 0.71725 0.175182 0.4448 0.165333 0.1576 0.148941 
1.02033 0.789 0.187556 0.48425 0.203429 0.1765 0.159417 
1.0936 0.839333 0.220571 0.50775 0.2053 0.204667 0.19175 
1.1745 0.923 0.221667 0.563333 0.239727 0.229667 0.2 
1.24325 0.993 0.2952 0.586 0.249875 0.255667 0.224778 
1.32133 1.064 0.3038 0.63 0.28225 0.279 0.244875 
1.37633 1.053 0.337 0.6365 0.3025 0.286 0.261125 
1.462 1.169 0.33675 0.6715 0.325429 0.321 0.285286 
1.526 1.28 0.5815 0.712 0.342667 0.3435 0.297667 
1.5895 1.281 0.5995 0.672 0.366833 0.397 0.3244 
1.6995 1.339 0.58325 0.811 0.3822 0.37 0.3478 
1.736 1.386 0.683333 0.82 0.3994 0.412 0.363 
1.8125 1.461 0.667333 0.865 0.4282 0.45 0.3898 
1.8735 1.551 0.687 0.911 0.446 0.491 0.415 
1.9245 1.662 0.707667 0.88 0.47425 0.49 0.426 
2.033 1.73 0.692 0.899 0.48425 0.518 0.4555 
2.052 1.67 0.779 0.9 0.5225 0.557 0.48375 
2.14 -1 0.8 0.953 0.541 0.572 0.49525 
2.232 -1 0.7855 0.948 0.559667 0.575 0.518333 
2.257 -1 0.784 1.018 0.572667 0.586 0.523667 
2.369 -1 0.7815 1.047 0.612667 0.608 0.553667 
2.4 -1 0.7715 1.07 0.609 0.674 0.561667 
2.488 -1 0.794 1.11 0.642667 0.69 0.589667 
2.56 -1 0.7945 0.99 0.669333 -1 0.615667 
2.597 -1 0.774 -1 0.689333 -1 0.639667 
2.709 -1 0.777 -1 0.6895 -1 0.645 
2.753 -1 0.77 -1 0.7335 -1 0.68 
2.83 -1 0.739 -1 0.7735 -1 0.6885 
2.877 -1 0.749 -1 0.7655 -1 0.716 
2.991 -1 0.74 -1 0.7985 -1 0.7295 
2.99 -1 0.701 -1 0.8095 -1 0.7725 
3.09 -1 0.691 -1 0.8275 -1 0.785 
3.14 -1 0.662 -1 0.8565 -1 0.798 
3.228 -1 0.621 -1 0.88 -1 0.815 
-1 -1 0.611 -1 0.904 -1 0.836 
-1 -1 0.617 -1 0.915 -1 0.8555 
-1 -1 0.571 -1 0.93 -1 0.8735 
-1 -1 0.53 -1 0.9545 -1 0.913 
-1 -1 0.53 -1 0.9735 -1 0.923 
-1 -1 0.501 -1 1.0095 -1 0.938 
-1 -1 0.459 -1 1.034 -1 0.979 
-1 -1 0.479 -1 1.059 -1 1.002 
-1 -1 0.43 -1 1.058 -1 1.01 
-1 -1 0.409 -1 1.093 -1 1.043 
-1 -1 0.393 -1 1.12 -1 1.06 
-1 -1 0.361 -1 1.154 -1 1.05 
-1 -1 0.341 -1 1.185 -1 1.076 
-1 -1 0.315 -1 1.185 -1 1.09 
-1 -1 0.289 -1 1.19 -1 1.143 
-1 -1 0.279 -1 1.22 -1 1.143 
-1 -1 0.237 -1 1.241 -1 1.168 
-1 -1 0.208 -1 1.251 -1 1.182 
-1 -1 0.253 -1 1.267 -1 1.21 
-1 -1 0.16 -1 1.312 -1 1.222 
-1 -1 0.16 -1 1.36 -1 1.248 
-1 -1 0.121 -1 1.361 -1 1.288 
-1 -1 0.09 -1 1.37 -1 1.321 
-1 -1 0.078 -1 1.378 -1 1.31 
-1 -1 -1 -1 1.42 -1 1.318 
-1 -1 -1 -1 1.451 -1 1.346 
-1 -1 -1 -1 1.441 -1 1.385 
-1 -1 -1 -1 1.511 -1 1.39 
-1 -1 -1 -1 1.492 -1 1.398 
-1 -1 -1 -1 1.529 -1 1.419 
-1 -1 -1 -1 1.54 -1 1.439 
-1 -1 -1 -1 1.548 -1 1.469 
-1 -1 -1 -1 1.599 -1 1.479 
-1 -1 -1 -1 1.601 -1 1.499 
-1 -1 -1 -1 1.65 -1 1.531 
-1 -1 -1 -1 1.672 -1 1.562 
-1 -1 -1 -1 1.691 -1 1.58 
-1 -1 -1 -1 1.686 -1 1.581 
-1 -1 -1 -1 1.702 -1 1.598 
-1 -1 -1 -1 1.727 -1 1.64 
-1 -1 -1 -1 1.744 -1 1.649 
-1 -1 -1 -1 1.758 -1 1.668 
-1 -1 -1 -1 1.797 -1 1.678 
-1 -1 -1 -1 1.828 -1 1.711 
-1 -1 -1 -1 1.841 -1 1.739 
-1 -1 -1 -1 1.88 -1 1.74 
-1 -1 -1 -1 1.896 -1 1.76 
-1 -1 -1 -1 1.92 -1 1.789 
-1 -1 -1 -1 1.93 -1 1.821 
-1 -1 -1 -1 1.93 -1 1.85 
-1 -1 -1 -1 1.996 -1 1.86 
