90 0.07
0 0 0 0 0 0 0 
0.138269 0.143094 0.0843782 0.122524 0.0817108 0.0789091 0.0779521 
0.360598 0.371371 0.12335 0.252264 0.11724 0.0888776 0.0805678 
0.669444 0.531891 0.152653 0.367136 0.122847 0.118937 0.119225 
0.846421 0.658465 0.15649 0.40112 0.161533 0.146433 0.122451 
0.936365 0.72567 0.194596 0.44775 0.17252 0.159587 0.158823 
1.01268 0.78157 0.2024 0.483424 0.199762 0.196688 0.161822 
1.09112 0.806863 0.224033 0.498717 0.229231 0.203495 0.197606 
1.15157 0.915232 0.233822 0.557782 0.239798 0.239559 0.201816 
1.23322 0.975385 0.290247 0.585895 0.276056 0.2596 0.237952 
1.30892 1.05475 0.327576 0.60657 0.279742 0.280344 0.241802 
1.38628 1.07067 0.3311 0.65137 0.317627 0.316091 0.278796 
1.45104 1.14274 0.372775 0.677847 0.32 0.320374 0.291067 
1.5149 1.20716 0.514275 0.70942 0.358582 0.359245 0.319359 
1.58867 1.25904 0.522477 0.68181 0.361822 0.361107 0.323432 
1.66071 1.34537 0.548935 0.799089 0.399022 0.392 0.358096 
1.72098 1.4172 0.676539 0.82882 0.408819 0.42794 0.362481 
1.79065 1.49429 0.682176 0.86498 0.438813 0.435747 0.398832 
1.85954 1.56492 0.692118 0.880525 0.449811 0.478144 0.41469 
1.92806 1.611 0.713559 0.918935 0.479494 0.475174 0.439948 
1.9893 1.65257 0.704647 0.9292 0.50043 0.519054 0.452212 
2.07888 1.66347 0.79851 0.933629 0.520763 0.52865 0.479147 
2.08749 -1 0.78802 0.93723 0.55521 0.5605 0.49722 
2.20228 -1 0.78772 0.95806 0.560206 0.58963 0.519474 
2.26247 -1 0.79463 0.98285 0.596848 0.601165 0.539353 
2.3096 -1 0.788 1.03964 0.599613 0.6271 0.559358 
2.32007 -1 0.7987 1.05137 0.63675 0.65625 0.579208 
2.43762 -1 0.78984 1.07677 0.63425 0.70092 0.599804 
2.47989 -1 0.80117 0.988932 0.678113 -1 0.626363 
2.62158 -1 0.79174 -1 0.681318 -1 0.639379 
2.63743 -1 0.785826 -1 0.718571 -1 0.672346 
2.75103 -1 0.795622 -1 0.732563 -1 0.789402 
2.79208 -1 0.760613 -1 0.91189 -1 0.712602 
2.83262 -1 0.761265 -1 0.92564 -1 0.721309 
2.90348 -1 0.72499 -1 0.93637 -1 0.754462 
3.01661 -1 0.704622 -1 0.95632 -1 0.752934 
3.08924 -1 0.687404 -1 0.851545 -1 0.801688 
3.12831 -1 0.649132 -1 0.928903 -1 0.80321 
3.15678 -1 0.647479 -1 0.962566 -1 0.91258 
-1 -1 0.608632 -1 0.917425 -1 0.842614 
-1 -1 0.60031 -1 0.943171 -1 0.879051 
-1 -1 0.555213 -1 1.00027 -1 0.883628 
-1 -1 0.552422 -1 0.986609 -1 0.917392 
-1 -1 0.528755 -1 1.02187 -1 0.912913 
-1 -1 0.506489 -1 1.00411 -1 0.959771 
-1 -1 0.493545 -1 1.03933 -1 0.952089 
-1 -1 0.450489 -1 0.99636 -1 0.94944 
-1 -1 0.441712 -1 0.989899 -1 0.8898 
-1 -1 0.395435 -1 0.924293 -1 0.917388 
-1 -1 0.41137 -1 0.93927 -1 0.881656 
-1 -1 0.368226 -1 0.911353 -1 0.83305 
-1 -1 0.353 -1 0.90154 -1 0.8326 
-1 -1 0.321655 -1 0.855727 -1 0.838092 
-1 -1 0.298356 -1 0.868031 -1 0.793646 
-1 -1 0.291616 -1 0.840866 -1 0.78229 
-1 -1 0.237774 -1 0.82809 -1 0.760341 
-1 -1 0.25224 -1 0.800112 -1 0.74695 
-1 -1 0.198212 -1 0.774 -1 0.713608 
-1 -1 0.201175 -1 0.739566 -1 0.698323 
-1 -1 0.170812 -1 0.728646 -1 0.67396 
-1 -1 0.150833 -1 0.712571 -1 0.667242 
-1 -1 0.119136 -1 0.681889 -1 0.634434 
-1 -1 0.0806237 -1 0.664273 -1 0.61618 
-1 -1 -1 -1 0.633536 -1 0.599433 
-1 -1 -1 -1 0.639242 -1 0.5772 
-1 -1 -1 -1 0.591545 -1 0.543687 
-1 -1 -1 -1 0.596949 -1 0.540283 
-1 -1 -1 -1 0.557889 -1 0.520222 
-1 -1 -1 -1 0.553576 -1 0.499545 
-1 -1 -1 -1 0.520011 -1 0.48001 
-1 -1 -1 -1 0.505141 -1 0.45665 
-1 -1 -1 -1 0.479957 -1 0.432343 
-1 -1 -1 -1 0.457434 -1 0.412293 
-1 -1 -1 -1 0.438835 -1 0.400354 
-1 -1 -1 -1 0.39665 -1 0.372939 
-1 -1 -1 -1 0.398394 -1 0.356121 
-1 -1 -1 -1 0.366556 -1 0.330396 
-1 -1 -1 -1 0.356608 -1 0.319074 
-1 -1 -1 -1 0.320146 -1 0.284949 
-1 -1 -1 -1 0.31396 -1 0.279817 
-1 -1 -1 -1 0.277434 -1 0.240733 
-1 -1 -1 -1 0.273737 -1 0.239667 
-1 -1 -1 -1 0.237485 -1 0.202778 
-1 -1 -1 -1 0.23502 -1 0.199556 
-1 -1 -1 -1 0.200638 -1 0.165622 
-1 -1 -1 -1 0.177535 -1 0.157583 
-1 -1 -1 -1 0.160174 -1 0.11967 
-1 -1 -1 -1 0.130958 -1 0.121 
-1 -1 -1 -1 0.119061 -1 0.0832813 
-1 -1 -1 -1 0.0799681 -1 0.0751579 
